20.09725, 64.20500
21.19878, 64.43057
22.10633, 64.41927
22.84585, 64.48263
23.61012, 64.50799
24.39994, 64.55874
25.21620, 64.60319
26.05975, 64.62859
26.93153, 64.67626
27.83247, 64.69852
28.76355, 64.71442
29.72578, 64.76852
30.72019, 64.76852
31.74788, 64.76852
32.80994, 64.76852
33.90753, 64.76852
35.04184, 64.76852
36.21409, 64.76852
37.42556, 64.76852
38.67756, 64.76852
39.97144, 64.76852
41.30861, 64.72078
42.69050, 64.69852
44.11863, 64.68580
45.59453, 64.62859
47.11980, 64.60954
48.69610, 64.55874
50.32513, 64.50799
52.00866, 64.46679
53.74850, 64.41294
55.54655, 64.34965
57.40475, 64.28326
59.32511, 64.22010
61.30971, 64.15069
63.36071, 64.07191
65.48031, 63.98693
67.67083, 63.90207
69.93462, 63.81418
72.27414, 63.70763
74.69193, 63.60750
77.19060, 63.48568
79.77286, 63.37033
82.44150, 63.23964
85.19941, 63.10612
88.04959, 62.96669
90.99511, 62.82140
94.03917, 62.67027
97.18506, 62.51644
100.43619, 62.36912
103.79609, 62.22214
107.26838, 62.08161
110.85683, 61.95663
114.56532, 61.83797
118.39787, 61.71651
122.35864, 61.58923
126.45190, 61.44712
130.68210, 61.29930
135.05380, 61.13381
139.57176, 60.96277
144.24085, 60.78922
149.06614, 60.62212
154.05285, 60.45845
159.20638, 60.30116
164.53231, 60.15610
170.03641, 60.00254
175.72464, 59.85231
181.60316, 59.69073
187.67833, 59.51787
193.95673, 59.33677
200.44517, 59.15040
207.15066, 58.95882
214.08047, 58.76787
221.24210, 58.58040
228.64331, 58.39641
236.29212, 58.20728
244.19680, 58.02160
252.36591, 57.83652
260.80831, 57.64920
269.53313, 57.46249
278.54982, 57.28482
287.86815, 57.10209
297.49820, 56.93393
307.45041, 56.76348
317.73555, 56.59354
328.36476, 56.42688
339.34954, 56.26072
350.70181, 56.09228
362.43383, 55.92435
374.55833, 55.75966
387.08843, 55.59546
400.03770, 55.44264
413.42016, 55.29024
427.25031, 55.13555
441.54311, 54.99210
456.31405, 54.84903
471.57913, 54.71440
487.35486, 54.58009
503.65835, 54.45682
520.50723, 54.33383
537.91976, 54.21912
555.91479, 54.10464
574.51180, 54.00899
593.73095, 53.91615
613.59303, 53.81819
634.11956, 53.74153
655.33276, 53.67289
677.25561, 53.60961
699.91184, 53.55430
723.32599, 53.54378
747.52341, 53.54378
772.53031, 53.56483
798.37377, 53.63070
825.08177, 53.72304
852.68323, 53.82348
881.20804, 53.94531
910.68709, 54.08071
941.15231, 54.26177
972.63668, 54.46753
1005.17429, 54.70902
1038.80039, 54.98670
1073.55138, 55.28209
1109.46489, 55.58180
1146.57982, 55.87489
1184.93635, 56.15297
1224.57603, 56.40747
1265.54177, 56.66034
1307.87794, 56.92274
1351.63038, 57.21447
1396.84647, 57.52748
1443.57518, 57.84790
1491.86710, 58.17009
1541.77453, 58.48546
1593.35151, 58.79676
1646.65390, 59.11552
1701.73941, 59.43894
1758.66770, 59.77293
1817.50041, 60.12654
1878.30125, 60.49413
1941.13607, 60.88191
2006.07289, 61.24208
2073.18205, 61.59226
2142.53621, 61.89879
2214.21047, 62.17322
2288.28245, 62.40898
2364.83237, 62.57793
2443.94310, 62.66103
2525.70033, 62.64871
2610.19259, 62.57793
2697.51136, 62.43046
2787.75121, 62.22520
2881.00985, 61.99014
2977.38827, 61.72865
3076.99084, 61.48639
3179.92542, 61.31437
3286.30346, 61.23305
3396.24017, 61.27520
3509.85459, 61.35657
3627.26976, 61.45920
3748.61282, 61.54687
3874.01516, 61.65284
4003.61259, 61.80455
4137.54544, 62.02366
4275.95875, 62.28946
4419.00240, 62.52873
4566.83129, 62.67951
4719.60549, 62.63948
4877.49046, 62.32315
5025.60095, 61.67372
5142.70381, 60.81791
5238.30293, 60.09551
5415.85382, 59.41265
5597.03038, 58.88642
5775.62272, 58.22445
5951.00601, 57.54841
6140.89315, 56.96473
6346.32445, 56.57964
6558.62804, 56.42411
6778.03382, 56.59911
7004.77939, 57.16387
7160.79076, 57.81095
7260.79792, 58.54011
7357.97626, 59.33320
7452.24318, 60.16053
7509.30716, 60.97513
7574.16822, 61.73813
7639.58951, 62.60698
7721.04577, 63.55750
7777.94679, 64.45411
7850.99741, 65.22978
8027.05219, 65.71004
8200.87235, 64.82457
8286.73558, 63.67632
8353.76681, 62.74348
8432.22555, 61.85925
8508.23911, 60.94446
8595.21652, 60.04679
8675.29415, 59.26863
8792.86524, 58.50451
8912.02969, 57.76663
9059.87050, 57.03524
9236.69376, 56.34246
9458.66524, 55.64522
9734.23363, 54.91527
10029.82460, 54.29379
10365.35233, 53.82083
10712.10446, 53.67817
11053.91067, 54.00023
11344.23760, 54.56176
11509.45010, 55.31301
11671.24830, 56.03839
11752.99836, 56.69338
11858.94753, 57.43582
11965.85179, 58.32247
12073.71976, 59.25128
12189.85093, 60.16704
12308.73547, 61.10944
12547.13417, 61.66843
12798.95932, 61.29327
12823.59611, 60.55447
12895.03579, 59.91707
13011.28003, 59.07002
13103.60398, 58.08153
13187.61414, 57.27215
13321.43124, 56.45359
13433.14497, 55.66595
13579.94382, 54.89515
13772.22193, 54.16618
14021.64464, 53.58854
14500.71751, 53.55491
14764.18301, 54.26878
14910.89996, 55.01433
15031.57069, 55.79736
15110.46708, 56.53595
15201.14157, 57.32637
15292.36017, 58.18904
15394.35631, 59.05228
15482.23097, 59.94542
15662.74136, 60.82807
15815.75897, 61.32642
16080.53008, 60.04355
16090.15369, 60.79818
16138.35816, 59.19029
16235.20079, 58.43169
16271.66641, 57.68392
16365.22888, 56.83856
16475.37641, 55.88039
16622.89156, 54.91527
16715.69537, 54.12592
16816.00247, 53.45700
16980.28690, 52.67911
17031.15812, 51.98700
17133.35824, 51.38816
17236.17164, 50.69136
17339.60200, 49.90948
17443.65303, 49.22037
17571.67481, 48.58413
17769.22938, 47.85310
17919.66371, 47.20963
17981.03169, 46.63338
18094.73039, 46.03705
18121.81511, 45.41281
18189.70441, 44.75165
18286.22886, 43.91776
18347.57885, 43.03716
18361.52328, 42.42656
18469.33863, 41.78296
18477.62792, 41.07625
18546.85020, 40.50285
18599.32341, 39.89250
18658.14564, 39.41723
18777.69822, 38.61140
19332.26789, 37.94023
20097.25473, 37.41170
