19.916150950194606, 67.79179933339712
20.914159013443708, 67.86813594183997
21.613830701734194, 67.89418920699907
22.336957546279923, 67.8936220120148
23.084228177034547, 67.91968506078346
23.856530393174765, 67.92910660171808
24.654690505701303, 67.92853911503029
25.47958863770266, 67.91132447909389
26.33209333828558, 67.89078610816857
27.2131214296834, 67.87025394864732
28.123695281680718, 67.81980057093703
29.064753320368766, 67.76274089516868
30.03730047253604, 67.70572922612658
31.04244880671235, 67.62555644084237
32.08123275919666, 67.54547859103225
33.1548135316714, 67.45226818835866
34.26434871877343, 67.34928127041708
35.411024330657526, 67.24315524428168
36.59611342487078, 67.12403343770231
37.820873670097455, 67.00183813624535
39.08664391263437, 66.87330868443084
40.39479803821388, 66.73848240976434
41.74674476345676, 66.60066311038663
43.143950492695296, 66.45987046464928
44.587954711846464, 66.30962321355157
46.08026418721156, 66.16620226495269
47.62257080294502, 66.01014694498882
49.21651165392674, 65.85123157113222
50.86385683285052, 65.679818977281
52.56634094883685, 65.50885257519617
54.32583877919861, 65.33192572884035
56.144245518286006, 65.15228287550191
58.02354956606948, 64.96676431287108
59.96579137891742, 64.77542309481329
61.97304650597637, 64.58464541816186
64.04752558555039, 64.38811668442081
66.19146334331832, 64.1890393475208
68.40716763800012, 63.99057752460239
70.69707879475233, 63.78647536183264
73.0635851909252, 63.59237543062604
75.50936864692771, 63.389543359668906
78.03702403267509, 63.187358234964876
80.64929198853902, 62.985817993036186
83.34902729726004, 62.7818429266781
86.13911310409313, 62.58159610254089
89.02264411729342, 62.37587233077776
92.00277631899161, 62.16168263663679
95.08262065939905, 61.954302158503964
98.26561732792733, 61.74156007516002
101.5551410633453, 61.53256477841285
104.954897184507, 61.31225361081247
108.4683210074033, 61.10770695232615
112.09944903646164, 60.89488680488588
115.85207185978477, 60.68875749874781
119.73028469332702, 60.48629091461517
123.73838937805141, 60.27858976885774
127.88060109670434, 60.07749156434951
132.1614756669459, 59.877064252906486
136.58565490520562, 59.67730559633114
141.15789807889016, 59.48112906584086
145.88319837745226, 59.285597424236414
150.76671994994834, 59.08781198763399
155.8136782603828, 58.893573292804106
161.02954164131654, 58.702850668200064
166.41991661442887, 58.51848257263532
171.99063896721498, 58.340412952433994
177.7478828496802, 58.16003410859952
183.69745074008733, 58.0029550114352
189.8456010221862, 57.87750053852277
196.20084131486269, 57.68158509056017
202.76779320024588, 57.539899534556604
209.55482622866808, 57.3844953019364
216.56897627036187, 57.232316253868035
223.8177211750867, 57.08893567831008
231.30921196842206, 56.94033158524534
239.05138914503132, 56.7948983385456
247.05263922652543, 56.652613598986676
255.3218350816068, 56.50514526447324
263.8675287773161, 56.369112598283174
272.69917595835454, 56.236164059580894
281.82641840377335, 56.10352908469271
291.25891485915673, 55.97943868892567
301.00694735459666, 55.86109912724825
311.08106578978766, 55.748475061798686
321.4920862158725, 55.64426052981427
332.25144532542777, 55.54296347060074
343.3708873527645, 55.44185081664493
354.86227243468136, 55.34634813799116
366.73823272656676, 55.2510099697478
379.0112311337823, 55.16665207663657
391.6953699695106, 55.07162344811723
404.80345722282954, 54.99023500753887
418.3503191051992, 54.90627526871296
432.35018195714196, 54.83050652543273
446.818422420096, 54.7575264963264
461.7705823541116, 54.690005165315995
477.22283911174355, 54.62792256919161
493.1921756662023, 54.56591044753016
509.6954841451568, 54.511984686644496
526.7510300767507, 54.45811221888019
544.3769999514167, 54.40962706541349
562.5927642380221, 54.36118507925488
581.417745929341, 54.318111324026205
600.8729554860334, 54.26975081617419
620.977333093655, 54.250678614970234
641.7561000834794, 54.20503521723205
663.2274799176191, 54.199268410646454
685.4190746639358, 54.166942995880795
708.3524387958944, 54.14525265172791
732.0515540041788, 54.1448003167625
756.5423428038291, 54.16027530960716
781.8503698401064, 54.202318267606316
808.0073954530467, 54.215151999908464
835.0368187533693, 54.25989731969436
862.9697332068966, 54.31266622568674
891.8353570772355, 54.38414467876737
921.6637875039632, 54.48508881669781
952.4857674064749, 54.62905030293508
984.3324014517897, 54.83518198117565
1017.237548957205, 55.10418438942382
1051.2375938790565, 55.423388384295535
1086.3690894721858, 55.790915012871594
1122.6719352647356, 56.18566139914569
1160.186342545994, 56.597071080197985
1198.9543045919684, 57.011493236701284
1239.0183752737823, 57.423319852373595
1280.4229412917744, 57.8239468996345
1323.215400737829, 58.193127319162976
1367.4413159149167, 58.53883285785282
1413.1472956843518, 58.872160738349706
1460.3860751318043, 59.16966804285112
1509.2063891703983, 59.45119037793827
1559.6591723486085, 59.731124063279715
1611.7998920437844, 60.00355105618405
1665.683272256736, 60.280175428563844
1721.368929527262, 60.55213823630148
1778.9157425988071, 60.82830978325187
1838.3863940979465, 61.105740917816604
1899.8472419107381, 61.37240226936974
1963.3644288802097, 61.63116314151983
2029.0100800844164, 61.86371587710337
2096.853993606331, 62.078884723442066
2166.9704774713873, 62.27342971747642
2239.439403265408, 62.42878821942876
2314.335603517951, 62.566129596713836
2391.7456442774396, 62.660755413191325
2471.75154374367, 62.72476903437919
2554.443318838658, 62.745771978367095
2639.9100385091433, 62.72987077343575
2728.2451075059457, 62.677093471568284
2819.5390220407776, 62.61208235700939
2913.8894258378928, 62.54100683581083
3011.3946549166117, 62.47919953978084
3112.1609532958637, 62.42357305082017
3216.2886878280224, 62.4046943364432
3323.8923236224123, 62.41335086041966
3435.0793119698565, 62.477111735511244
3549.973195593296, 62.58080540352074
3668.6862979804037, 62.75846204700662
3791.347835739652, 63.00144479393987
3918.0852570743073, 63.319819213789046
4049.0309722733696, 63.72096466884488
4184.329388240959, 64.19069685045011
4324.140667469265, 64.68608439895873
4468.658298054463, 65.09269452332238
4618.092747511283, 65.27748200807748
4772.638523972058, 65.1778155793041
4932.46889392266, 64.8077029212954
5097.760036994359, 64.19062594035752
5245.043490017176, 63.482953404866045
5379.559835859804, 62.560783902698915
5510.201427980161, 61.73131346537806
5687.547121655187, 61.001743164686125
5869.360083432835, 60.41174717223838
6065.926592965885, 60.05397758864327
6268.986874776282, 59.853628723267306
6478.743724151868, 59.82379580117114
6695.367771668425, 60.0406985414102
6919.047074083937, 60.5574688228991
7125.4798028392615, 61.20277544406913
7246.493821732407, 62.03622932983665
7368.158560587615, 62.90750322876502
7446.896691488188, 63.69445468905569
7513.526715763113, 64.48530764100173
7580.735471928928, 65.31336643059078
7648.557974502069, 66.13224431984732
7713.133761891541, 66.97182924351797
7814.904620588601, 67.98909462425966
7974.681917006303, 68.66971961366339
8154.716666509929, 68.23734605643705
8194.580877606297, 67.39101246941095
8266.95022465319, 66.57618997776885
8316.146423944136, 65.67774495350045
8363.452469104337, 64.92938199441785
8414.226513884456, 64.11603094579243
8452.650793989007, 63.318989210181705
8503.95333781119, 62.543273201927185
8555.616939383961, 61.71166172166857
8586.189178759836, 60.85519613229074
8608.220291945685, 60.088884153431465
8634.45487458774, 59.529834198200135
8792.057146889862, 58.05325195968096
8911.854001657417, 57.30881820196264
9021.012277677673, 56.35279698191326
9145.692943587575, 55.54087314819119
9295.362538724097, 54.764458654190875
9450.269701924934, 54.03918772996472
9646.054208869758, 53.430440988292666
9974.215838977882, 52.97770947329851
10307.989163795188, 52.91238282897396
10636.53571044739, 53.27711852223429
10957.938036062806, 53.86446281862649
11188.45651977113, 54.61363367222363
11546.724124422482, 54.913861311552985
11862.722698250896, 54.18243928082259
12062.50657773146, 53.394608529147426
12243.159536287789, 52.68955328105454
12461.570990119997, 51.954918187661406
12754.061300000343, 51.54944394604129
13136.519606591077, 51.52189986853659
13575.761139225944, 51.70363319226496
14030.153227513212, 51.574103283801
14500.319251075278, 51.08052811701034
14911.955887030921, 51.27584737245668
15139.113371153935, 52.04917273584555
15345.693168182352, 52.77435973475393
15534.060256315204, 53.41293687115251
16025.892759611985, 53.98583187545559
16435.7181487042, 54.61499489719095
16895.315930239918, 54.72433958131753
17062.894043329048, 54.094244871347755
17261.111130543326, 53.29547129618329
17426.75257626147, 52.55573001672677
17576.354364908588, 51.87597478578474
17736.097876305816, 51.196569068582534
17962.26686352764, 50.549687504761955
18343.72730062445, 50.163787609751594
18898.11024683394, 49.95316741005293
19376.93383987153, 49.355696269801626
19952.947424707712, 48.412427581709544
