19.999999999999993, 84.93827160493827
20.692774643693546, 84.93827160493827
23.255353922423264, 84.93827160493827
27.304942308512434, 84.93827160493827
31.749304860790275, 84.64197530864197
34.486547126964176, 84.24691358024691
39.36586369546785, 83.55600448933782
40.682912621963766, 83.36273849607183
42.04402556006636, 83.16395061728394
43.45067674287344, 82.96516273849606
44.904389726346245, 82.74980920314253
46.40673903948598, 82.54273849607182
47.95935188971966, 82.31634118967452
49.56390992534249, 82.07890011223344
51.22215105692544, 81.84698092031425
52.93587133966121, 81.60125701459035
54.70692691868699, 81.34725028058361
56.53723603949112, 81.07943883277215
58.4287811255813, 80.81162738496072
60.38361092566444, 80.52725028058362
62.40384273266403, 80.23459034792367
64.49166467697809, 79.93640852974185
66.6493380964623, 79.62442199775532
68.87919998570405, 79.30691358024691
71.18366552724157, 78.97283950617283
73.56523070746881, 78.63876543209877
76.02647502005964, 78.2991694725028
78.57006425983968, 77.9374859708193
81.1987534101313, 77.57856341189674
83.91538962670016, 77.21135802469135
86.72291532153343, 76.83586980920313
89.62437134979209, 76.45762065095398
92.62290030338657, 76.06832772166105
95.72174991474562, 75.67903479236813
98.92427657446278, 75.28145903479236
102.23394896663181, 74.88664421997754
105.65435182580862, 74.4835465768799
109.18918981966726, 74.07216610549943
112.84229156155817, 73.67182940516273
116.61761375731118, 73.2632098765432
120.51924549077843, 72.85459034792368
124.55141265275547, 72.44873176206508
128.71848251808004, 72.04287317620651
133.02496847586536, 71.63425364758697
137.47553491798965, 71.22839506172839
142.07500229114012, 70.8280583613917
146.82835231787908, 70.42772166105499
151.74073339239075, 70.03290684624017
156.8174661567517, 69.6408529741863
162.06404926376328, 69.25156004489337
167.48616533258962, 68.86502805836139
173.0896871036513, 68.48401795735128
178.8806837994415, 68.10852974186307
184.86542769815162, 67.73580246913579
191.05040092723115, 67.3685970819304
197.44230248423412, 67.00415263748596
204.0480554925614, 66.64799102132434
210.87481469995538, 66.30839506172839
217.9299742278684, 65.96327721661055
225.2211755800985, 65.62368125701458
232.75631591936843, 65.30065095398427
240.54355662080985, 64.97762065095398
248.59133211161958, 64.6628731762065
256.90835900645936, 64.3591694725028
265.5036455484956, 64.06374859708193
274.38650136630537, 63.77937149270482
283.56654755721524, 63.497755331088655
293.05372710799406, 63.227182940516265
302.85831566418653, 62.97041526374859
312.9909326597538, 62.7191694725028
323.46255281907315, 62.48172839506172
334.2845180437566, 62.2608529741863
345.4685496971616, 62.03445566778899
357.0267612998995, 61.83014590347923
368.971671650094, 61.634118967452295
381.31621838259963, 61.44361391694724
394.07377198186464, 61.26691358024691
407.25815026361624, 61.0984960718294
420.88363334105645, 60.95216610549943
434.9649790917747, 60.80031425364758
449.51743914213256, 60.665028058361386
464.5567753864307, 60.54078563411896
480.0992770587502, 60.42206509539842
496.1617783759632, 60.32267115600448
512.7616767710189, 60.217755331088654
529.9169517362486, 60.13492704826038
547.6461842971127, 60.04933782267115
565.9685771374644, 59.977553310886634
584.9039753981439, 59.91405162738495
604.4728881714204, 59.858832772166096
624.6965107145662, 59.806374859708185
645.5967474066192, 59.75943883277216
667.1962354732065, 59.73182940516273
689.5183695051153, 59.69041526374859
712.5873267971781, 59.676610549943874
736.4280935349057, 59.649001122334454
761.0664918572384, 59.62691358024691
786.5292078247271, 59.62691358024691
812.8438203234358, 59.62691358024691
840.0388309358688, 59.62691358024691
868.1436948112766, 59.61586980920313
897.1888525687843, 59.596543209876536
927.2057632678842, 59.596543209876536
958.2269384820169, 59.596543209876536
990.2859775121328, 59.59378226711559
1023.4176037783816, 59.57997755331088
1057.657702429348, 59.566172839506166
1093.0433592095665, 59.557890011223336
1129.6129006274068, 59.52199775533108
1167.4059354668423, 59.497149270482595
1206.4633976880662, 59.452974186307515
1246.8275907634131, 59.414320987654314
1288.5422334966163, 59.36462401795734
1331.6525073750167, 59.31216610549943
1376.205105506016, 59.256947250280575
1422.2482831907862, 59.204489337822665
1469.831910190002, 59.152031425364754
1519.007524738198, 59.10509539842873
1569.828389365284, 59.069203142536466
1622.3495485856372, 59.02778900112233
1676.6278885172924, 59.0195061728395
1732.722198495788, 59.008462401795725
1790.693234749396, 59.01398428731761
1850.6037862047106, 59.0195061728395
1912.5187424938763, 59.03607182940515
1976.5051642371113, 59.07472502805835
2042.632355676627, 59.11890011223343
2110.9719397406616, 59.16583613916947
2181.5979356188764, 59.218294051627375
2254.5868389331786, 59.273512906846236
2330.0177045907935, 59.33149270482603
2407.972232409296, 59.38671156004489
2488.5348556064037, 59.4391694725028
2571.792832250299, 59.49162738496071
2657.836339769611, 59.52751964085297
2746.7585726253415, 59.56893378226711
2838.6558432506067, 59.610347923681246
2933.62768636744, 59.62967452300785
3031.776966793712, 59.6655667789001
3133.209990856905, 59.68765432098765
3238.0366215353874, 59.69869809203142
3346.370397451974, 59.72630751964084
3458.3286558485543, 59.74839506172839
3574.0326596750947, 59.762199775533105
3693.6077289305526, 59.8008529741863
3817.1833763980558, 59.82570145903478
3944.893447921318, 59.87263748597081
4076.876267374194, 59.91681257014589
4213.274786480485, 59.947182940516264
4354.236739646147, 59.99135802469135
4499.91480397172, 59.99687991021324
4650.466764618179, 60.02172839506172
4806.0556857054235, 60.02172839506172
4966.850086928399, 60.002401795735125
5133.02412608223, 59.99135802469135
5304.757787694047, 59.985836139169464
5482.237077965722, 59.96098765432098
5665.65422623884, 59.933378226711554
5855.207893199889, 59.97479236812569
6533.027746729178, 59.950617283950606
8291.5481955736, 59.950617283950606
10941.02888697852, 59.85185185185185
13421.175613042527, 59.753086419753075
14713.819300618283, 59.45573512906846
15206.094030431097, 59.334253647586976
15667.894172043621, 58.79679012345678
15970.044756355846, 58.07101614434947
16240.604068286275, 57.39165432098765
16485.368431529514, 56.70832098765432
16711.586134403788, 56.00271604938271
16957.81075734912, 55.3075720164609
17167.66909380033, 54.63267489711934
17444.846788497518, 53.95317620650953
17761.55995573379, 53.25614434947768
18164.897996935313, 52.802257495590815
18692.57277623725, 52.48435465768798
19059.631631526834, 52.368395061728386
